G1,G2,G3,G4,G5,G6
Andrew Novak,Matthieu Pavon,Rory McIlroy,Scottie Scheffler,Stephan Jaeger,Wyndham Clark
Jake Knapp,Min Woo Lee,Patrick Cantlay,Robert Macintyre,Rory McIlroy,Wyndham Clark
Adam Scott,Jake Knapp,Max Greyserman,Nick Dunlap,Rory McIlroy,Scottie Scheffler
Cameron Davis,Jake Knapp,Nick Dunlap,Rory McIlroy,Scottie Scheffler,Will Zalatoris
Collin Morikawa,Jake Knapp,Min Woo Lee,Nick Dunlap,Rory McIlroy,Tommy Fleetwood
Jake Knapp,Jason Day,Kevin Yu,Nick Dunlap,Rory McIlroy,Scottie Scheffler
Corey Conners,Nick Dunlap,Rory McIlroy,Sungjae Im,Tommy Fleetwood,Wyndham Clark
Akshay Bhatia,Hideki Matsuyama,Min Woo Lee,Rory McIlroy,Si Woo Kim,Wyndham Clark
Nick Dunlap,Patrick Cantlay,Rory McIlroy,Si Woo Kim,Tommy Fleetwood,Wyndham Clark
Min Woo Lee,Robert Macintyre,Rory McIlroy,Thomas Detry,Viktor Hovland,Wyndham Clark
Cameron Davis,Jake Knapp,Justin Thomas,Kevin Yu,Scottie Scheffler,Shane Lowry
Min Woo Lee,Patrick Cantlay,Robert Macintyre,Sungjae Im,Tony Finau,Wyndham Clark
Adam Scott,Akshay Bhatia,Collin Morikawa,Shane Lowry,Sungjae Im,Wyndham Clark
Max Homa,Min Woo Lee,Nick Dunlap,Patrick Cantlay,Rory McIlroy,Shane Lowry
Collin Morikawa,Max Homa,Nick Dunlap,Rory McIlroy,Tommy Fleetwood,Wyndham Clark
Max Homa,Min Woo Lee,Rory McIlroy,Tommy Fleetwood,Tony Finau,Wyndham Clark
Nick Dunlap,Patrick Cantlay,Robert Macintyre,Rory McIlroy,Tony Finau,Wyndham Clark
Adam Scott,Min Woo Lee,Rasmus Hojgaard,Robert Macintyre,Rory McIlroy,Wyndham Clark
Jake Knapp,Justin Thomas,Kevin Yu,Max Homa,Scottie Scheffler,Tommy Fleetwood
Cameron Davis,Jake Knapp,Min Woo Lee,Patrick Cantlay,Rory McIlroy,Tommy Fleetwood
Jake Knapp,Robert Macintyre,Rory McIlroy,Tommy Fleetwood,Tony Finau,Wyndham Clark
Akshay Bhatia,Corey Conners,Robert Macintyre,Rory McIlroy,Sungjae Im,Wyndham Clark
Hideki Matsuyama,Nick Dunlap,Robert Macintyre,Rory McIlroy,Thomas Detry,Wyndham Clark
Adam Scott,Akshay Bhatia,Hideki Matsuyama,Min Woo Lee,Rory McIlroy,Si Woo Kim
Akshay Bhatia,Collin Morikawa,Jake Knapp,Min Woo Lee,Rory McIlroy,Sepp Straka
Jake Knapp,Nick Dunlap,Patrick Cantlay,Rory McIlroy,Tommy Fleetwood,Tony Finau
Cameron Davis,Corey Conners,Keegan Bradley,Min Woo Lee,Patrick Cantlay,Rory McIlroy
Corey Conners,Keegan Bradley,Min Woo Lee,Rory McIlroy,Si Woo Kim,Tommy Fleetwood
Akshay Bhatia,Patrick Cantlay,Robert Macintyre,Shane Lowry,Sungjae Im,Wyndham Clark
Cameron Davis,Harris English,Matthieu Pavon,Nick Dunlap,Rory McIlroy,Scottie Scheffler
Hideki Matsuyama,Jake Knapp,Nick Dunlap,Rory McIlroy,Tommy Fleetwood,Tony Finau
Akshay Bhatia,Cameron Davis,Rory McIlroy,Shane Lowry,Tommy Fleetwood,Wyndham Clark
Collin Morikawa,Min Woo Lee,Rasmus Hojgaard,Robert Macintyre,Tony Finau,Wyndham Clark
Jake Knapp,Patrick Cantlay,Rasmus Hojgaard,Robert Macintyre,Rory McIlroy,Wyndham Clark
Collin Morikawa,Harris English,Min Woo Lee,Thomas Detry,Tony Finau,Viktor Hovland
Akshay Bhatia,Byeong Hun An,Corey Conners,Min Woo Lee,Rory McIlroy,Tommy Fleetwood
Jake Knapp,Min Woo Lee,Rory McIlroy,Sepp Straka,Tommy Fleetwood,Tony Finau
Adam Scott,Rasmus Hojgaard,Robert Macintyre,Rory McIlroy,Viktor Hovland,Wyndham Clark
Cameron Davis,Hideki Matsuyama,Robert Macintyre,Rory McIlroy,Si Woo Kim,Wyndham Clark
Hideki Matsuyama,Jake Knapp,Kevin Yu,Ludvig Aberg,Patrick Cantlay,Sungjae Im
Collin Morikawa,Max Homa,Nick Dunlap,Patrick Cantlay,Rory McIlroy,Si Woo Kim
Jake Knapp,Keegan Bradley,Patrick Cantlay,Robert Macintyre,Rory McIlroy,Viktor Hovland
Akshay Bhatia,Patrick Cantlay,Robert Macintyre,Shane Lowry,Tommy Fleetwood,Wyndham Clark
Jake Knapp,Rory McIlroy,Shane Lowry,Si Woo Kim,Sungjae Im,Thomas Detry
Jake Knapp,Kevin Yu,Max Homa,Rasmus Hojgaard,Rory McIlroy,Scottie Scheffler
Austin Eckroat,Hideki Matsuyama,Jake Knapp,Max Homa,Scottie Scheffler,Tommy Fleetwood
Max Homa,Min Woo Lee,Patrick Cantlay,Rory McIlroy,Si Woo Kim,Tony Finau
Akshay Bhatia,Hideki Matsuyama,Rory McIlroy,Sepp Straka,Si Woo Kim,Wyndham Clark
Akshay Bhatia,Collin Morikawa,Max Homa,Robert Macintyre,Rory McIlroy,Wyndham Clark
Byeong Hun An,Collin Morikawa,Jake Knapp,Max Homa,Rory McIlroy,Shane Lowry
Collin Morikawa,Corey Conners,Max Homa,Nick Dunlap,Rory McIlroy,Tommy Fleetwood
Cameron Davis,Nick Dunlap,Rory McIlroy,Shane Lowry,Sungjae Im,Tony Finau
Adam Scott,Max Homa,Min Woo Lee,Rory McIlroy,Tommy Fleetwood,Tony Finau
Jake Knapp,Rory McIlroy,Sepp Straka,Shane Lowry,Si Woo Kim,Sungjae Im
Adam Hadwin,Collin Morikawa,Harris English,Rory McIlroy,Tony Finau,Wyndham Clark
Cameron Davis,Keegan Bradley,Min Woo Lee,Rory McIlroy,Shane Lowry,Thomas Detry
Akshay Bhatia,Jake Knapp,Rory McIlroy,Shane Lowry,Sungjae Im,Thomas Detry
Akshay Bhatia,Cameron Davis,Hideki Matsuyama,Keegan Bradley,Min Woo Lee,Rory McIlroy
Cameron Davis,Collin Morikawa,Nick Dunlap,Rory McIlroy,Si Woo Kim,Tommy Fleetwood
Adam Scott,Harris English,Keegan Bradley,Rory McIlroy,Tony Finau,Viktor Hovland
Cameron Davis,Robert Macintyre,Rory McIlroy,Sepp Straka,Shane Lowry,Wyndham Clark
Nick Dunlap,Rory McIlroy,Shane Lowry,Si Woo Kim,Thomas Detry,Tommy Fleetwood
Jake Knapp,Nick Dunlap,Patrick Cantlay,Rasmus Hojgaard,Rory McIlroy,Tommy Fleetwood
Cameron Davis,Keegan Bradley,Rory McIlroy,Thomas Detry,Tommy Fleetwood,Wyndham Clark
Byeong Hun An,Cameron Davis,Robert Macintyre,Rory McIlroy,Tommy Fleetwood,Wyndham Clark
Jason Day,Justin Thomas,Matthieu Pavon,Nick Dunlap,Scottie Scheffler,Tom Hoge
Adam Scott,Byeong Hun An,Collin Morikawa,Corey Conners,Max Homa,Rory McIlroy
Cameron Davis,Patrick Cantlay,Sepp Straka,Sungjae Im,Tommy Fleetwood,Wyndham Clark
Akshay Bhatia,Byeong Hun An,Jake Knapp,Rory McIlroy,Sungjae Im,Tommy Fleetwood
Adam Hadwin,Collin Morikawa,Harris English,Keegan Bradley,Min Woo Lee,Rory McIlroy
Hideki Matsuyama,Jordan Spieth,Justin Rose,Ludvig Aberg,Tony Finau,Wyndham Clark
Cameron Davis,Keegan Bradley,Nick Dunlap,Patrick Cantlay,Rory McIlroy,Tommy Fleetwood
Adam Scott,Patrick Cantlay,Shane Lowry,Si Woo Kim,Sungjae Im,Thomas Detry
Adam Hadwin,Collin Morikawa,Patrick Cantlay,Tommy Fleetwood,Tony Finau,Wyndham Clark
Adam Hadwin,Collin Morikawa,Jake Knapp,Rory McIlroy,Tommy Fleetwood,Viktor Hovland
Gary Woodland,Justin Thomas,Max Homa,Min Woo Lee,Robert Macintyre,Rory McIlroy
Akshay Bhatia,Collin Morikawa,Rasmus Hojgaard,Sungjae Im,Thomas Detry,Wyndham Clark
Adam Hadwin,Collin Morikawa,Corey Conners,Harris English,Rory McIlroy,Viktor Hovland
Akshay Bhatia,Cameron Davis,Hideki Matsuyama,Rasmus Hojgaard,Rory McIlroy,Wyndham Clark
Adam Scott,Akshay Bhatia,Cameron Davis,Collin Morikawa,Keegan Bradley,Rory McIlroy
Jake Knapp,Robert Macintyre,Rory McIlroy,Shane Lowry,Thomas Detry,Tony Finau
Corey Conners,Rasmus Hojgaard,Robert Macintyre,Rory McIlroy,Thomas Detry,Wyndham Clark
Nick Dunlap,Patrick Cantlay,Rasmus Hojgaard,Sungjae Im,Tommy Fleetwood,Viktor Hovland
Jake Knapp,Ludvig Aberg,Max Homa,Rory McIlroy,Sepp Straka,Shane Lowry
Adam Scott,Harris English,Robert Macintyre,Rory McIlroy,Thomas Detry,Viktor Hovland
Cameron Davis,Jake Knapp,Rory McIlroy,Sungjae Im,Thomas Detry,Tommy Fleetwood
Adam Scott,Akshay Bhatia,Patrick Cantlay,Rory McIlroy,Si Woo Kim,Thomas Detry
Max Homa,Robert Macintyre,Rory McIlroy,Sepp Straka,Tommy Fleetwood,Wyndham Clark
Akshay Bhatia,Cameron Davis,Corey Conners,Patrick Cantlay,Rory McIlroy,Tony Finau
Adam Scott,Corey Conners,Hideki Matsuyama,Max Homa,Rory McIlroy,Thomas Detry
Adam Scott,Akshay Bhatia,Rory McIlroy,Si Woo Kim,Tommy Fleetwood,Tony Finau
Keegan Bradley,Min Woo Lee,Rasmus Hojgaard,Robert Macintyre,Rory McIlroy,Si Woo Kim
Min Woo Lee,Robert Macintyre,Sepp Straka,Shane Lowry,Tommy Fleetwood,Tony Finau
Akshay Bhatia,Collin Morikawa,Rasmus Hojgaard,Robert Macintyre,Tommy Fleetwood,Wyndham Clark
Nick Dunlap,Patrick Cantlay,Rasmus Hojgaard,Robert Macintyre,Shane Lowry,Sungjae Im
Akshay Bhatia,Collin Morikawa,Keegan Bradley,Min Woo Lee,Rasmus Hojgaard,Tommy Fleetwood
Adam Scott,Akshay Bhatia,Corey Conners,Rory McIlroy,Sepp Straka,Tommy Fleetwood
Adam Hadwin,Hideki Matsuyama,Keegan Bradley,Min Woo Lee,Rory McIlroy,Thomas Detry
Adam Scott,Akshay Bhatia,Collin Morikawa,Max Homa,Rory McIlroy,Thomas Detry
Akshay Bhatia,Nick Dunlap,Patrick Cantlay,Rasmus Hojgaard,Rory McIlroy,Tony Finau
Jordan Spieth,Max Greyserman,Rory McIlroy,Sepp Straka,Thomas Detry,Wyndham Clark
Akshay Bhatia,Min Woo Lee,Robert Macintyre,Rory McIlroy,Sepp Straka,Thomas Detry
Adam Scott,Collin Morikawa,Justin Thomas,Ludvig Aberg,Matthieu Pavon,Max Homa
Adam Scott,Akshay Bhatia,Patrick Cantlay,Sepp Straka,Shane Lowry,Tommy Fleetwood
Adam Scott,Corey Conners,Rory McIlroy,Sepp Straka,Thomas Detry,Tony Finau
Cameron Davis,Keegan Bradley,Patrick Cantlay,Robert Macintyre,Rory McIlroy,Si Woo Kim
Adam Hadwin,Hideki Matsuyama,Robert Macintyre,Rory McIlroy,Sepp Straka,Wyndham Clark
Adam Hadwin,Harris English,Patrick Cantlay,Rory McIlroy,Tony Finau,Viktor Hovland
Jordan Spieth,Patrick Cantlay,Thomas Detry,Tony Finau,Viktor Hovland,Will Zalatoris
Adam Scott,Akshay Bhatia,Collin Morikawa,Max Homa,Rory McIlroy,Sepp Straka
Akshay Bhatia,Collin Morikawa,Corey Conners,Max Homa,Rory McIlroy,Sepp Straka
Adam Hadwin,Collin Morikawa,Harris English,Patrick Cantlay,Tommy Fleetwood,Viktor Hovland
Adam Scott,Byeong Hun An,Keegan Bradley,Rory McIlroy,Sepp Straka,Tony Finau
Akshay Bhatia,Keegan Bradley,Min Woo Lee,Rasmus Hojgaard,Rory McIlroy,Sepp Straka
Cameron Davis,Keegan Bradley,Max Homa,Rory McIlroy,Shane Lowry,Tommy Fleetwood
Jordan Spieth,Lucas Glover,Rory McIlroy,Thomas Detry,Tony Finau,Will Zalatoris
Hideki Matsuyama,Keegan Bradley,Max Homa,Robert Macintyre,Rory McIlroy,Si Woo Kim
Justin Thomas,Max Homa,Nick Dunlap,Rasmus Hojgaard,Rory McIlroy,Thomas Detry
Akshay Bhatia,Hideki Matsuyama,Nick Dunlap,Rasmus Hojgaard,Rory McIlroy,Thomas Detry
Collin Morikawa,Max Homa,Si Woo Kim,Sungjae Im,Thomas Detry,Tommy Fleetwood
Akshay Bhatia,Cameron Davis,Harris English,Hideki Matsuyama,Rory McIlroy,Thomas Detry
Adam Hadwin,Adam Scott,Hideki Matsuyama,Rory McIlroy,Sepp Straka,Viktor Hovland
Jordan Spieth,Justin Rose,Rory McIlroy,Thomas Detry,Tony Finau,Viktor Hovland
Cameron Davis,Collin Morikawa,Keegan Bradley,Max Homa,Robert Macintyre,Rory McIlroy
Adam Hadwin,Adam Scott,Collin Morikawa,Harris English,Rory McIlroy,Sepp Straka
Akshay Bhatia,Cameron Davis,Keegan Bradley,Patrick Cantlay,Rory McIlroy,Sepp Straka
Cameron Davis,Collin Morikawa,Keegan Bradley,Max Homa,Rory McIlroy,Sepp Straka
Cameron Davis,Min Woo Lee,Rasmus Hojgaard,Robert Macintyre,Rory McIlroy,Sepp Straka
Byeong Hun An,Cameron Davis,Collin Morikawa,Max Homa,Rory McIlroy,Sepp Straka
Adam Scott,Harris English,Keegan Bradley,Rasmus Hojgaard,Rory McIlroy,Sepp Straka
Akshay Bhatia,Max Homa,Robert Macintyre,Rory McIlroy,Tommy Fleetwood,Tony Finau
Akshay Bhatia,Cameron Davis,Keegan Bradley,Rasmus Hojgaard,Rory McIlroy,Sungjae Im
Adam Hadwin,Harris English,Hideki Matsuyama,Keegan Bradley,Robert Macintyre,Rory McIlroy
Ludvig Aberg,Matthieu Pavon,Rasmus Hojgaard,Shane Lowry,Tommy Fleetwood,Viktor Hovland
Ludvig Aberg,Matthieu Pavon,Rasmus Hojgaard,Shane Lowry,Tommy Fleetwood,Viktor Hovland
Collin Morikawa,Keegan Bradley,Max Homa,Rasmus Hojgaard,Sungjae Im,Tony Finau
Akshay Bhatia,Max Homa,Patrick Cantlay,Rory McIlroy,Sepp Straka,Thomas Detry
Akshay Bhatia,Collin Morikawa,Max Homa,Rasmus Hojgaard,Shane Lowry,Tommy Fleetwood
Akshay Bhatia,Max Homa,Rory McIlroy,Sepp Straka,Tommy Fleetwood,Tony Finau
Adam Scott,Akshay Bhatia,Rasmus Hojgaard,Robert Macintyre,Rory McIlroy,Thomas Detry
Akshay Bhatia,Cameron Davis,Rory McIlroy,Sepp Straka,Thomas Detry,Tommy Fleetwood
Adam Hadwin,Harris English,Rasmus Hojgaard,Rory McIlroy,Tommy Fleetwood,Viktor Hovland
Adam Hadwin,Harris English,Jason Day,Jordan Spieth,Ludvig Aberg,Patrick Cantlay
Keegan Bradley,Rasmus Hojgaard,Rory McIlroy,Sepp Straka,Si Woo Kim,Thomas Detry
Jason Day,Jordan Spieth,Max Greyserman,Patrick Cantlay,Thomas Detry,Tony Finau
Akshay Bhatia,Max Homa,Rasmus Hojgaard,Rory McIlroy,Thomas Detry,Tommy Fleetwood
Akshay Bhatia,Keegan Bradley,Rasmus Hojgaard,Rory McIlroy,Sepp Straka,Thomas Detry
Akshay Bhatia,Byeong Hun An,Rasmus Hojgaard,Rory McIlroy,Sepp Straka,Thomas Detry
Cameron Davis,Keegan Bradley,Rasmus Hojgaard,Robert Macintyre,Rory McIlroy,Sepp Straka
Akshay Bhatia,Max Homa,Rasmus Hojgaard,Rory McIlroy,Sepp Straka,Tommy Fleetwood
