PG,SG,SF,PF,C,G,F,UTIL
Kawhi Leonard,Lonzo Ball,Myles Turner,Ochai Agbaji,RJ Barrett,Tyler Herro,Tyrese Haliburton,Zach Collins
Day'Ron Sharpe,Deni Avdija,Dyson Daniels,Josh Hart,Ochai Agbaji,Tyler Herro,Tyrese Haliburton,Zach Collins
Andrew Wiggins,Josh Hart,Lonzo Ball,Myles Turner,Ochai Agbaji,Tyler Herro,Tyrese Haliburton,Zach Collins
Aaron Nesmith,Donovan Clingan,Jayson Tatum,Josh Giddey,Kawhi Leonard,Ochai Agbaji,Tyrese Haliburton,Zach Collins
Day'Ron Sharpe,Dyson Daniels,Jalen Green,Josh Hart,Kawhi Leonard,Ochai Agbaji,Tyler Herro,Zach Collins
Josh Giddey,Kawhi Leonard,Lonzo Ball,Myles Turner,Ochai Agbaji,Tyler Herro,Zach Collins,Zach LaVine
Josh Giddey,Josh Hart,Kawhi Leonard,Kyle Anderson,Lonzo Ball,Myles Turner,Tyler Herro,Zach Collins
Bam Adebayo,Day'Ron Sharpe,Dyson Daniels,Josh Giddey,Matas Buzelis,Myles Turner,Ochai Agbaji,Tyler Herro
Dyson Daniels,Jerami Grant,Josh Giddey,Josh Hart,Ochai Agbaji,Onyeka Okongwu,Tyler Herro,Zach Collins
Dyson Daniels,Jayson Tatum,Josh Giddey,Myles Turner,Ochai Agbaji,Tosan Evbuomwan,Tyler Herro,Zach Collins
Dyson Daniels,Josh Giddey,Kawhi Leonard,Matas Buzelis,Myles Turner,Ochai Agbaji,Onyeka Okongwu,Tyrese Haliburton
Andrew Wiggins,Donovan Clingan,Dyson Daniels,Josh Giddey,Kawhi Leonard,Ochai Agbaji,Tyler Herro,Zach Collins
Andrew Wiggins,Anfernee Simons,Donovan Clingan,Josh Giddey,Kawhi Leonard,Ochai Agbaji,Tyler Herro,Zach Collins
Bam Adebayo,Ivica Zubac,Lonzo Ball,Matas Buzelis,Ochai Agbaji,Tyler Herro,Tyrese Haliburton,Zach Collins
Jalen Green,Kawhi Leonard,Matas Buzelis,Ochai Agbaji,Onyeka Okongwu,Tyler Herro,Tyrese Haliburton,Zach Collins
Andrew Wiggins,Jordan Clarkson,Josh Giddey,Kawhi Leonard,Kyle Anderson,Myles Turner,Tyrese Haliburton,Zach Collins
Bam Adebayo,Josh Giddey,Josh Hart,Lonzo Ball,Myles Turner,Ochai Agbaji,RJ Barrett,Zach Collins
Aaron Nesmith,Bam Adebayo,Josh Giddey,Malik Monk,Myles Turner,Ochai Agbaji,Tyler Herro,Zach Collins
Dyson Daniels,Jayson Tatum,Josh Giddey,Lonzo Ball,Ochai Agbaji,Onyeka Okongwu,RJ Barrett,Zach Collins
Josh Giddey,Kawhi Leonard,Lonzo Ball,Myles Turner,Ochai Agbaji,RJ Barrett,Richaun Holmes,Tyler Herro
Andrew Wiggins,Dyson Daniels,Matas Buzelis,Myles Turner,Ochai Agbaji,Tyler Herro,Tyrese Maxey,Zach Collins
Josh Hart,Kawhi Leonard,Lonzo Ball,Ochai Agbaji,Onyeka Okongwu,Tyler Herro,Zach Collins,Zach LaVine
Coby White,Jalen Brunson,Kawhi Leonard,Matas Buzelis,Ochai Agbaji,Onyeka Okongwu,Tyler Herro,Zach Collins
Dyson Daniels,Jayson Tatum,Josh Giddey,Matas Buzelis,Richaun Holmes,Tosan Evbuomwan,Tyler Herro,Zach Collins
Donovan Clingan,Dyson Daniels,Jayson Tatum,Kyle Anderson,Ochai Agbaji,Tyler Herro,Tyrese Haliburton,Zach Collins
Deni Avdija,Ivica Zubac,Josh Giddey,Kawhi Leonard,Lonzo Ball,Ochai Agbaji,Tyler Herro,Zach Collins
Andre Drummond,Gradey Dick,Josh Giddey,Josh Hart,Kawhi Leonard,Matas Buzelis,Onyeka Okongwu,Tyler Herro
Dyson Daniels,Jayson Tatum,Josh Giddey,Kyle Anderson,Ochai Agbaji,Onyeka Okongwu,Tyler Herro,Zach Collins
Andrew Wiggins,Coby White,Kawhi Leonard,Myles Turner,RJ Barrett,Tosan Evbuomwan,Tyler Herro,Zach Collins
Josh Giddey,Josh Hart,Matas Buzelis,Ochai Agbaji,Onyeka Okongwu,RJ Barrett,Tyler Herro,Zach Collins
Anfernee Simons,Josh Giddey,Josh Hart,Khris Middleton,Kyle Anderson,Onyeka Okongwu,Tyler Herro,Zach Collins
Aaron Nesmith,Andrew Wiggins,Josh Giddey,Josh Hart,Myles Turner,Ochai Agbaji,Onyeka Okongwu,Tyler Herro
Andrew Wiggins,Josh Giddey,Matas Buzelis,Myles Turner,Ochai Agbaji,Onyeka Okongwu,RJ Barrett,Tyrese Haliburton
Anfernee Simons,Jayson Tatum,Josh Giddey,Kyle Anderson,Ochai Agbaji,Onyeka Okongwu,Tyler Herro,Zach Collins
Aaron Nesmith,James Harden,Jayson Tatum,Josh Giddey,Matas Buzelis,Myles Turner,Ochai Agbaji,Zach Collins
Kawhi Leonard,Kyle Anderson,Myles Turner,Ochai Agbaji,RJ Barrett,Tyler Herro,Tyrese Maxey,Zach Collins
Josh Giddey,Josh Hart,Kyle Anderson,Malik Monk,Matas Buzelis,Myles Turner,Tyrese Haliburton,Zach Collins
Deni Avdija,Gradey Dick,Josh Giddey,Josh Hart,Matas Buzelis,Myles Turner,Tyler Herro,Zach Collins
Day'Ron Sharpe,Donovan Clingan,Jayson Tatum,Josh Giddey,Kawhi Leonard,Lonzo Ball,Malik Monk,Ochai Agbaji
Bam Adebayo,Dyson Daniels,James Harden,Josh Giddey,Kyle Anderson,Myles Turner,Ochai Agbaji,Zach Collins
Bam Adebayo,James Harden,Lonzo Ball,Matas Buzelis,Ochai Agbaji,Onyeka Okongwu,Tyler Herro,Zach Collins
Day'Ron Sharpe,Josh Giddey,Josh Hart,Malik Monk,Matas Buzelis,Ochai Agbaji,Onyeka Okongwu,Tyler Herro
Bam Adebayo,Derrick White,Josh Giddey,Kyle Anderson,Myles Turner,Ochai Agbaji,Onyeka Okongwu,Tyrese Haliburton
Dyson Daniels,Jalen Green,Jayson Tatum,Kawhi Leonard,Lonzo Ball,Myles Turner,Ochai Agbaji,Zach Collins
Josh Giddey,Kyle Anderson,Lonzo Ball,Myles Turner,RJ Barrett,Tyler Herro,Zach Collins,Zach LaVine
Dyson Daniels,Jayson Tatum,Kawhi Leonard,Lonzo Ball,Malik Monk,Myles Turner,Ochai Agbaji,Zach Collins
Kawhi Leonard,Lonzo Ball,Matas Buzelis,Myles Turner,Ochai Agbaji,Onyeka Okongwu,Tyler Herro,Tyrese Maxey
Jayson Tatum,Josh Giddey,Kyle Anderson,Matas Buzelis,Onyeka Okongwu,Payton Pritchard,Tyler Herro,Zach Collins
Bam Adebayo,Deni Avdija,Josh Giddey,Jrue Holiday,Myles Turner,Ochai Agbaji,Tyler Herro,Zach Collins
Jalen Green,Josh Giddey,Josh Hart,Matas Buzelis,Myles Turner,Tosan Evbuomwan,Tyler Herro,Zach Collins
Anfernee Simons,Bam Adebayo,Donovan Clingan,Dyson Daniels,Josh Giddey,Ochai Agbaji,RJ Barrett,Zach Collins
Deni Avdija,Dyson Daniels,Josh Giddey,Onyeka Okongwu,RJ Barrett,Tosan Evbuomwan,Tyler Herro,Zach Collins
Ivica Zubac,Josh Giddey,Kawhi Leonard,Lonzo Ball,Matas Buzelis,Myles Turner,Ochai Agbaji,Tyler Herro
Jayson Tatum,Josh Giddey,Lonzo Ball,Myles Turner,Ochai Agbaji,Onyeka Okongwu,Tosan Evbuomwan,Tyrese Maxey
Dyson Daniels,Jordan Clarkson,Josh Hart,Kawhi Leonard,Onyeka Okongwu,Tosan Evbuomwan,Tyler Herro,Zach Collins
Andrew Wiggins,Josh Giddey,Kawhi Leonard,Malik Monk,Ochai Agbaji,Onyeka Okongwu,RJ Barrett,Zach Collins
Coby White,James Harden,Kawhi Leonard,Matas Buzelis,Ochai Agbaji,Richaun Holmes,Tyler Herro,Zach Collins
Alperen Sengun,Jalen Green,Josh Giddey,Kawhi Leonard,Ochai Agbaji,Tosan Evbuomwan,Tyrese Haliburton,Zach Collins
Bam Adebayo,Donovan Clingan,Josh Giddey,Matas Buzelis,Ochai Agbaji,RJ Barrett,Tyler Herro,Zach Collins
Andrew Wiggins,Jayson Tatum,Josh Giddey,Jrue Holiday,Ochai Agbaji,Onyeka Okongwu,RJ Barrett,Zach Collins
James Harden,Kawhi Leonard,Lonzo Ball,Matas Buzelis,Myles Turner,Onyeka Okongwu,Tosan Evbuomwan,Tyler Herro
James Harden,Kawhi Leonard,Kyle Anderson,Ochai Agbaji,Onyeka Okongwu,RJ Barrett,Tyler Herro,Zach Collins
Donovan Clingan,James Harden,Josh Giddey,Kawhi Leonard,Matas Buzelis,Ochai Agbaji,RJ Barrett,Zach Collins
Dyson Daniels,Jalen Brunson,Josh Giddey,Josh Hart,Kyle Anderson,Myles Turner,Ochai Agbaji,Onyeka Okongwu
Ivica Zubac,Jalen Green,Josh Giddey,Josh Hart,Ochai Agbaji,Tosan Evbuomwan,Tyler Herro,Zach Collins
Domantas Sabonis,Dyson Daniels,Jerami Grant,Josh Giddey,Josh Hart,Lonzo Ball,Ochai Agbaji,Zach Collins
Anfernee Simons,Immanuel Quickley,Jayson Tatum,Josh Giddey,Kyle Anderson,Matas Buzelis,Myles Turner,Zach Collins
Josh Giddey,Josh Hart,Kawhi Leonard,Kyle Anderson,Myles Turner,Onyeka Okongwu,Tyler Herro,Tyrese Martin
Dyson Daniels,Jordan Clarkson,Josh Giddey,Josh Hart,Ochai Agbaji,Onyeka Okongwu,Pascal Siakam,Zach Collins
Donovan Clingan,Dyson Daniels,Jordan Clarkson,Josh Hart,Kawhi Leonard,Ochai Agbaji,Tyler Herro,Zach Collins
Andrew Wiggins,Coby White,Josh Hart,Lonzo Ball,Myles Turner,Ochai Agbaji,Onyeka Okongwu,Tyler Herro
Bam Adebayo,Donovan Clingan,Dyson Daniels,Josh Giddey,Josh Hart,Lonzo Ball,Ochai Agbaji,Onyeka Okongwu
Jayson Tatum,Jordan Clarkson,Josh Giddey,Kyle Anderson,Myles Turner,Ochai Agbaji,Tyler Herro,Zach Collins
Alperen Sengun,Dyson Daniels,Josh Giddey,Kawhi Leonard,Kyle Anderson,Ochai Agbaji,Tyler Herro,Zach Collins
Anfernee Simons,Bam Adebayo,Jordan Clarkson,Josh Giddey,Kawhi Leonard,Kyle Anderson,Onyeka Okongwu,Zach Collins
Aaron Nesmith,De'Aaron Fox,Donovan Clingan,Josh Giddey,Josh Hart,Ochai Agbaji,Tyler Herro,Zach Collins
Aaron Nesmith,Ivica Zubac,Jayson Tatum,Josh Giddey,Kyle Anderson,Matas Buzelis,Tyler Herro,Zach Collins
Dyson Daniels,Ivica Zubac,Josh Giddey,Kyle Anderson,Ochai Agbaji,Onyeka Okongwu,RJ Barrett,Tyrese Haliburton
Anfernee Simons,Jrue Holiday,Kawhi Leonard,Myles Turner,Ochai Agbaji,Onyeka Okongwu,RJ Barrett,Tyler Herro
Bam Adebayo,Jalen Green,Josh Giddey,Kyle Anderson,Ochai Agbaji,Onyeka Okongwu,Tyrese Maxey,Zach Collins
Alperen Sengun,Anfernee Simons,Josh Giddey,Kawhi Leonard,Kyle Anderson,Ochai Agbaji,Tyler Herro,Zach Collins
Donovan Clingan,James Harden,Kawhi Leonard,Lonzo Ball,Matas Buzelis,Myles Turner,Ochai Agbaji,Tyler Herro
Andrew Wiggins,Donovan Clingan,Josh Giddey,Kawhi Leonard,Kyle Anderson,Lonzo Ball,Onyeka Okongwu,Tyrese Maxey
Bam Adebayo,Keyonte George,Matas Buzelis,Myles Turner,Ochai Agbaji,RJ Barrett,Tyler Herro,Zach Collins
Donovan Clingan,Dyson Daniels,Josh Giddey,Matas Buzelis,Myles Turner,Ochai Agbaji,RJ Barrett,Tyler Herro
Andre Drummond,Coby White,Jayson Tatum,Josh Giddey,Kyle Anderson,Myles Turner,Ochai Agbaji,Tyler Herro
Josh Giddey,Kawhi Leonard,Malik Monk,Matas Buzelis,Ochai Agbaji,Onyeka Okongwu,Richaun Holmes,Tyler Herro
Deni Avdija,Dyson Daniels,Jayson Tatum,Josh Giddey,Lonzo Ball,Myles Turner,Ochai Agbaji,Richaun Holmes
Deni Avdija,Donovan Clingan,Josh Giddey,Kawhi Leonard,Lonzo Ball,Ochai Agbaji,Onyeka Okongwu,Tyrese Maxey
Alperen Sengun,Josh Giddey,Josh Hart,Kyle Anderson,Lonzo Ball,Myles Turner,Ochai Agbaji,Tyrese Haliburton
Anfernee Simons,Deni Avdija,Josh Giddey,Josh Hart,Kyle Anderson,Myles Turner,RJ Barrett,Zach Collins
Dyson Daniels,James Harden,Josh Giddey,Josh Hart,Kyle Anderson,Myles Turner,Ochai Agbaji,Richaun Holmes
Josh Giddey,Kawhi Leonard,Keyonte George,Khris Middleton,Myles Turner,Ochai Agbaji,Onyeka Okongwu,RJ Barrett
James Harden,Josh Giddey,Josh Hart,Kyle Anderson,Malik Monk,Ochai Agbaji,Onyeka Okongwu,Zach Collins
Josh Giddey,Kyle Anderson,Myles Turner,Ochai Agbaji,Onyeka Okongwu,Pascal Siakam,RJ Barrett,Tyler Herro
Deni Avdija,Jordan Clarkson,Josh Giddey,Kawhi Leonard,Kyle Anderson,Onyeka Okongwu,Tyler Herro,Zach Collins
Aaron Nesmith,Alperen Sengun,Day'Ron Sharpe,Josh Giddey,Josh Hart,Kawhi Leonard,Kyle Anderson,RJ Barrett
Coby White,Josh Giddey,Kawhi Leonard,Kyle Anderson,Ochai Agbaji,Onyeka Okongwu,Tyler Herro,Walker Kessler
Anfernee Simons,Donovan Clingan,Josh Giddey,Matas Buzelis,Ochai Agbaji,Onyeka Okongwu,Pascal Siakam,Tyler Herro
Alperen Sengun,Josh Giddey,Josh Hart,Lonzo Ball,Myles Turner,Ochai Agbaji,Tosan Evbuomwan,Tyler Herro
Derrick White,Donovan Clingan,Josh Giddey,Josh Hart,Matas Buzelis,Onyeka Okongwu,Tosan Evbuomwan,Tyler Herro
Alperen Sengun,Gradey Dick,Jayson Tatum,Josh Giddey,Kyle Anderson,Ochai Agbaji,Tyler Herro,Zach Collins
Donovan Clingan,Jordan Clarkson,Josh Giddey,Kawhi Leonard,Khris Middleton,Ochai Agbaji,Onyeka Okongwu,Tyler Herro
Donovan Clingan,Dyson Daniels,Josh Giddey,Kawhi Leonard,Kyle Anderson,Malik Monk,Zach Collins,Zach LaVine
Jalen Green,Jayson Tatum,Josh Giddey,Lonzo Ball,Matas Buzelis,Myles Turner,Ochai Agbaji,Onyeka Okongwu
De'Aaron Fox,Josh Giddey,Kyle Anderson,Lonzo Ball,Myles Turner,Pascal Siakam,RJ Barrett,Zach Collins
Ivica Zubac,Josh Giddey,Kyle Anderson,Lonzo Ball,Matas Buzelis,Myles Turner,RJ Barrett,Tyler Herro
Bam Adebayo,Donovan Clingan,Jordan Clarkson,Josh Giddey,Josh Hart,Lonzo Ball,Myles Turner,Ochai Agbaji
Aaron Nesmith,Alperen Sengun,Jalen Green,Jayson Tatum,Josh Giddey,Lonzo Ball,Ochai Agbaji,Zach Collins
Aaron Nesmith,Domantas Sabonis,Josh Giddey,Kawhi Leonard,Kyle Anderson,Myles Turner,Ochai Agbaji,Tyler Herro
Deni Avdija,Donovan Clingan,Matas Buzelis,Ochai Agbaji,Onyeka Okongwu,RJ Barrett,Tyler Herro,Tyrese Haliburton
Donovan Clingan,Jalen Green,Josh Giddey,Josh Hart,Lonzo Ball,Myles Turner,Ochai Agbaji,RJ Barrett
Domantas Sabonis,Josh Giddey,Josh Hart,Jrue Holiday,Kyle Anderson,Ochai Agbaji,Tyler Herro,Zach Collins
Alperen Sengun,Jrue Holiday,Kawhi Leonard,Kyle Anderson,Ochai Agbaji,Onyeka Okongwu,Tyler Herro,Tyrese Haliburton
Dyson Daniels,Ivica Zubac,Josh Giddey,Kawhi Leonard,Keyonte George,Matas Buzelis,Ochai Agbaji,Onyeka Okongwu
Alperen Sengun,Kyle Anderson,Lonzo Ball,Ochai Agbaji,Onyeka Okongwu,RJ Barrett,Tyler Herro,Tyrese Haliburton
Bam Adebayo,Donovan Clingan,Jalen Green,Josh Giddey,Kawhi Leonard,Kyle Anderson,Lonzo Ball,Onyeka Okongwu
Donovan Clingan,James Harden,Josh Giddey,Kawhi Leonard,Kyle Anderson,Ochai Agbaji,Onyeka Okongwu,RJ Barrett
Bam Adebayo,Coby White,Dyson Daniels,Ivica Zubac,Josh Giddey,Kyle Anderson,Myles Turner,Ochai Agbaji
Donovan Clingan,Jalen Green,Josh Giddey,Josh Hart,Kyle Anderson,Myles Turner,Ochai Agbaji,Tyler Herro
Donovan Clingan,Josh Giddey,Josh Hart,Kyle Anderson,Malik Monk,Myles Turner,Ochai Agbaji,Tyler Herro
Anfernee Simons,Jayson Tatum,Josh Giddey,Keyonte George,Kyle Anderson,Myles Turner,Ochai Agbaji,Onyeka Okongwu
Donovan Clingan,Ivica Zubac,Josh Giddey,Josh Hart,Jrue Holiday,Matas Buzelis,Ochai Agbaji,Tyler Herro
Ivica Zubac,Josh Hart,Kyle Anderson,Malik Monk,Ochai Agbaji,RJ Barrett,Tyler Herro,Zach Collins
Alperen Sengun,Dyson Daniels,Josh Giddey,Khris Middleton,Kyle Anderson,Myles Turner,Ochai Agbaji,Tyler Herro
Aaron Nesmith,Alperen Sengun,Anfernee Simons,Dyson Daniels,Josh Giddey,Ochai Agbaji,Onyeka Okongwu,RJ Barrett
Andrew Wiggins,Dyson Daniels,Ivica Zubac,Josh Giddey,Kyle Anderson,Matas Buzelis,Myles Turner,RJ Barrett
Coby White,Jayson Tatum,Malik Monk,Matas Buzelis,Ochai Agbaji,Onyeka Okongwu,RJ Barrett,Zach Collins
Domantas Sabonis,Josh Hart,Kyle Anderson,Lonzo Ball,Ochai Agbaji,Tyler Herro,Zach Collins,Zach LaVine
Deni Avdija,Kawhi Leonard,Malik Monk,Ochai Agbaji,Onyeka Okongwu,RJ Barrett,Zach Collins,Zach LaVine
Alperen Sengun,Andrew Wiggins,Dyson Daniels,Keyonte George,Matas Buzelis,Ochai Agbaji,Tyler Herro,Zach Collins
Alperen Sengun,Deni Avdija,Dyson Daniels,Josh Giddey,Kyle Anderson,Ochai Agbaji,Tyrese Maxey,Zach Collins
Coby White,Deni Avdija,Ivica Zubac,Josh Giddey,Kyle Anderson,Myles Turner,Ochai Agbaji,Tyler Herro
Andrew Wiggins,Day'Ron Sharpe,Domantas Sabonis,Kawhi Leonard,Keyonte George,Kyle Anderson,Lonzo Ball,RJ Barrett
Alperen Sengun,Derrick White,Kawhi Leonard,Kyle Anderson,Malik Monk,Ochai Agbaji,Tyler Herro,Zach Collins
Deni Avdija,Donovan Clingan,Josh Giddey,Malik Monk,Matas Buzelis,Myles Turner,Ochai Agbaji,Tyler Herro
Alperen Sengun,Bam Adebayo,Dyson Daniels,Josh Giddey,Ochai Agbaji,RJ Barrett,Richaun Holmes,Tosan Evbuomwan
Jalen Green,James Harden,Kawhi Leonard,Keyonte George,Kyle Anderson,Ochai Agbaji,RJ Barrett,Zach Collins
Domantas Sabonis,Dyson Daniels,Ivica Zubac,Josh Giddey,Kyle Anderson,Ochai Agbaji,Tosan Evbuomwan,Tyler Herro
Alperen Sengun,Josh Giddey,Kyle Anderson,Matas Buzelis,Myles Turner,Ochai Agbaji,RJ Barrett,Tyler Herro
Alperen Sengun,Bam Adebayo,Lonzo Ball,Malik Monk,Ochai Agbaji,Onyeka Okongwu,Tosan Evbuomwan,Tyler Herro
Amen Thompson,Deni Avdija,Dyson Daniels,Kawhi Leonard,Lonzo Ball,Ochai Agbaji,Onyeka Okongwu,Walker Kessler
Alperen Sengun,James Harden,Kyle Anderson,Malik Monk,Myles Turner,Ochai Agbaji,Tosan Evbuomwan,Tyrese Haliburton
Coby White,Ivica Zubac,Josh Giddey,Josh Hart,Kyle Anderson,Malik Monk,Ochai Agbaji,Onyeka Okongwu
Deni Avdija,Donovan Clingan,Jalen Green,James Harden,Ochai Agbaji,Onyeka Okongwu,Tosan Evbuomwan,Tyler Herro
Alperen Sengun,Dyson Daniels,James Harden,Kyle Anderson,Lonzo Ball,Myles Turner,Ochai Agbaji,RJ Barrett
Alperen Sengun,Andrew Wiggins,Dyson Daniels,Josh Giddey,Kyle Anderson,Malik Monk,Myles Turner,Ochai Agbaji
Alperen Sengun,Deni Avdija,Dyson Daniels,Immanuel Quickley,Kyle Anderson,Ochai Agbaji,Onyeka Okongwu,Tyler Herro
Domantas Sabonis,Donovan Clingan,Kawhi Leonard,Keyonte George,Kyle Anderson,Lonzo Ball,Ochai Agbaji,Tyrese Maxey
Alperen Sengun,Donovan Clingan,Jayson Tatum,Josh Giddey,Jrue Holiday,Keyonte George,Kyle Anderson,Ochai Agbaji
